image: ireland_office_v3.pgm
resolution: 0.050000
origin: [-76.799988, -76.799988, 0.000000]
negate: 0
occupied_thresh: 0.65
free_thresh: 0.196

