image: ireland_office_v1.pgm
resolution: 0.050000
origin: [-76.824997, -76.824997, 0.000000]
negate: 0
occupied_thresh: 0.65
free_thresh: 0.196

