image: ireland_office_v2.pgm
resolution: 0.050000
origin: [-76.799995, -76.799995, 0.000000]
negate: 0
occupied_thresh: 0.65
free_thresh: 0.196

